-6.032627886687358114e+03	4.231865000000000521e+01
-6.020328926114271781e+03	4.236380000000000479e+01
-6.008029965541184538e+03	4.241380000000000194e+01
-5.995731004968097295e+03	4.246380000000000621e+01
-5.983432044395010962e+03	4.252060000000000173e+01
-5.971133083821923719e+03	4.258845000000000169e+01
-5.958834123248837386e+03	4.265095000000000880e+01
-5.946535162675750144e+03	4.274800000000000466e+01
-5.934236202102663810e+03	4.280950000000000699e+01
-5.921937241529576568e+03	4.289605000000000956e+01
-5.909638280956489325e+03	4.295025000000001114e+01
-5.897339320383402992e+03	4.305025000000001256e+01
-5.885040359810315749e+03	4.313765000000000782e+01
-5.872741399237229416e+03	4.323860000000000525e+01
-5.860442438664142173e+03	4.336840000000000828e+01
-5.848143478091054931e+03	4.346785000000001276e+01
-5.835844517517968598e+03	4.356540000000001100e+01
-5.823545556944881355e+03	4.363685000000001679e+01
-5.811246596371795022e+03	4.371025000000001626e+01
-5.798947635798707779e+03	4.391910000000001446e+01
-5.786648675225620536e+03	4.402930000000001343e+01
-5.774349714652534203e+03	4.410605000000001752e+01
-5.762050754079446961e+03	4.420520000000001204e+01
-5.749751793506360627e+03	4.430440000000000822e+01
-5.737452832933273385e+03	4.434190000000000964e+01
-5.725153872360187052e+03	4.439195000000000846e+01
-5.712854911787099809e+03	4.445130000000000337e+01
-5.700555951214012566e+03	4.450959999999999894e+01
-5.688256990640926233e+03	4.464960000000000662e+01
-5.675958030067838990e+03	4.468564999999999543e+01
-5.663659069494752657e+03	4.480080000000000240e+01
-5.651360108921665415e+03	4.487924999999999898e+01
-5.639061148348579081e+03	4.494445000000000334e+01
-5.626762187775491839e+03	4.499139999999999873e+01
-5.614463227202404596e+03	4.498880000000000479e+01
-5.602164266629318263e+03	4.496180000000000376e+01
-5.589865306056231020e+03	4.496425000000000693e+01
-5.577566345483144687e+03	4.501305000000000689e+01
-5.565267384910057444e+03	4.503585000000000349e+01
-5.552968424336970202e+03	4.492700000000000671e+01
-5.540669463763883869e+03	4.491680000000000916e+01
-5.528370503190796626e+03	4.494005000000000649e+01
-5.516071542617710293e+03	4.494835000000000491e+01
-5.503772582044623050e+03	4.497670000000000812e+01
-5.491473621471535807e+03	4.505834999999999724e+01
-5.479174660898449474e+03	4.513935000000000031e+01
-5.466875700325362232e+03	4.517435000000000400e+01
-5.454576739752275898e+03	4.518334999999999724e+01
-5.442277779179188656e+03	4.515689999999999316e+01
-5.429978818606101413e+03	4.523430000000000462e+01
-5.417679858033015080e+03	4.526494999999999891e+01
-5.405380897459927837e+03	4.525289999999999679e+01
-5.393081936886841504e+03	4.527784999999998661e+01
-5.380782976313754261e+03	4.532309999999999661e+01
-5.368484015740667928e+03	4.540014999999998224e+01
-5.356185055167580686e+03	4.547769999999998447e+01
-5.343886094594494352e+03	4.552769999999998163e+01
-5.331587134021407110e+03	4.555744999999997447e+01
-5.319288173448319867e+03	4.561124999999996987e+01
-5.306989212875233534e+03	4.566124999999997414e+01
-5.294690252302146291e+03	4.571124999999997129e+01
-5.282391291729059958e+03	4.576124999999997556e+01
-5.270092331155972715e+03	4.580379999999998120e+01
-5.257793370582885473e+03	4.582624999999998039e+01
-5.245494410009799140e+03	4.585029999999999006e+01
-5.233195449436711897e+03	4.585139999999999105e+01
-5.220896488863625564e+03	4.588899999999998869e+01
-5.208597528290538321e+03	4.592184999999999206e+01
-5.196298567717451078e+03	4.594679999999998188e+01
-5.183999607144364745e+03	4.594679999999998188e+01
-5.171700646571277503e+03	4.594679999999998188e+01
-5.159401685998191169e+03	4.598039999999998884e+01
-5.147102725425103927e+03	4.599024999999998897e+01
-5.134803764852016684e+03	4.601675000000000182e+01
-5.122504804278930351e+03	4.603610000000001179e+01
-5.110205843705843108e+03	4.603610000000001179e+01
-5.097906883132756775e+03	4.603610000000001179e+01
-5.085607922559669532e+03	4.603610000000001179e+01
-5.073308961986582290e+03	4.603610000000001179e+01
-5.061010001413495957e+03	4.605525000000000091e+01
-5.048711040840409623e+03	4.605525000000000091e+01
-5.036412080267322381e+03	4.605525000000000091e+01
-5.024113119694235138e+03	4.605525000000000091e+01
-5.011814159121148805e+03	4.605525000000000091e+01
-4.999515198548061562e+03	4.605525000000000091e+01
-4.987216237974975229e+03	4.609799999999997766e+01
-4.974917277401887986e+03	4.614539999999999509e+01
-4.962618316828800744e+03	4.614529999999997756e+01
-4.950319356255714411e+03	4.617484999999999218e+01
-4.938020395682627168e+03	4.621699999999998454e+01
-4.925721435109540835e+03	4.624214999999996678e+01
-4.913422474536453592e+03	4.630224999999997948e+01
-4.901123513963366349e+03	4.639914999999998457e+01
-4.888824553390280016e+03	4.640804999999996028e+01
-4.876525592817192774e+03	4.641159999999995023e+01
-4.864226632244106440e+03	4.641304999999997705e+01
-4.851927671671019198e+03	4.647014999999996832e+01
-4.839628711097931955e+03	4.647174999999997169e+01
-4.827329750524845622e+03	4.647049999999999415e+01
-4.815030789951758379e+03	4.642685000000001594e+01
-4.802731829378672046e+03	4.641410000000000480e+01
-4.790432868805584803e+03	4.636410000000000764e+01
-4.778133908232497561e+03	4.632215000000000771e+01
-4.765834947659411228e+03	4.627215000000001055e+01
-4.753535987086324894e+03	4.622215000000001339e+01
-4.741237026513237652e+03	4.610790000000001498e+01
-4.728938065940150409e+03	4.596554999999998614e+01
-4.716639105367064076e+03	4.588139999999998508e+01
-4.704340144793976833e+03	4.576974999999997351e+01
-4.692041184220890500e+03	4.569229999999997460e+01
-4.679742223647803257e+03	4.564104999999999279e+01
-4.667443263074716015e+03	4.556124999999997272e+01
-4.655144302501629682e+03	4.541434999999997046e+01
-4.642845341928542439e+03	4.533674999999998079e+01
-4.630546381355456106e+03	4.526579999999999160e+01
-4.618247420782368863e+03	4.520494999999996111e+01
-4.605948460209281620e+03	4.511024999999995089e+01
-4.593649499636195287e+03	4.511089999999994404e+01
-4.581350539063108045e+03	4.513224999999992804e+01
-4.569051578490021711e+03	4.514139999999993336e+01
-4.556752617916934469e+03	4.517384999999994477e+01
-4.544453657343847226e+03	4.521044999999994474e+01
-4.532154696770760893e+03	4.523854999999993964e+01
-4.519855736197673650e+03	4.528854999999994391e+01
-4.507556775624587317e+03	4.533949999999995129e+01
-4.495257815051500074e+03	4.540684999999998439e+01
-4.482958854478412832e+03	4.546939999999999316e+01
-4.470659893905326498e+03	4.555365000000001885e+01
-4.458360933332240165e+03	4.563575000000000870e+01
-4.446061972759152923e+03	4.565705000000002656e+01
-4.433763012186065680e+03	4.568235000000004220e+01
-4.421464051612979347e+03	4.570205000000005668e+01
-4.409165091039892104e+03	4.575205000000005384e+01
-4.396866130466805771e+03	4.580040000000003886e+01
-4.384567169893718528e+03	4.584430000000001826e+01
-4.372268209320631286e+03	4.586775000000002223e+01
-4.359969248747544952e+03	4.588145000000004359e+01
-4.347670288174457710e+03	4.583920000000002659e+01
-4.335371327601371377e+03	4.580515000000000470e+01
-4.323072367028284134e+03	4.580974999999998687e+01
-4.310773406455196891e+03	4.576229999999996068e+01
-4.298474445882110558e+03	4.577074999999994986e+01
-4.286175485309023315e+03	4.574094999999997668e+01
-4.273876524735936982e+03	4.569324999999999193e+01
-4.261577564162849740e+03	4.564229999999997744e+01
-4.249278603589762497e+03	4.559644999999996173e+01
-4.236979643016676164e+03	4.557884999999996722e+01
-4.224680682443588921e+03	4.551579999999994186e+01
-4.212381721870502588e+03	4.546909999999993346e+01
-4.200082761297415345e+03	4.542029999999990508e+01
-4.187783800724328103e+03	4.540709999999990032e+01
-4.175484840151241769e+03	4.533724999999990501e+01
-4.163185879578155436e+03	4.527614999999991596e+01
-4.150886919005068194e+03	4.517769999999991626e+01
-4.138587958431980951e+03	4.507694999999993968e+01
-4.126288997858894618e+03	4.498669999999992797e+01
-4.113990037285807375e+03	4.489059999999994943e+01
-4.101691076712721042e+03	4.476979999999993964e+01
-4.089392116139633799e+03	4.464409999999998035e+01
-4.077093155566547011e+03	4.450484999999999047e+01
-4.064794194993459769e+03	4.435720000000001306e+01
-4.052495234420372981e+03	4.424580000000000979e+01
-4.040196273847286193e+03	4.413944999999998942e+01
-4.027897313274199405e+03	4.402274999999995231e+01
-4.015598352701112617e+03	4.389179999999991821e+01
-4.003299392128025829e+03	4.375249999999991957e+01
-3.991000431554938586e+03	4.361544999999991745e+01
-3.978701470981851799e+03	4.347849999999993997e+01
-3.966402510408765011e+03	4.332519999999995264e+01
-3.954103549835678223e+03	4.318799999999996686e+01
-3.941804589262591435e+03	4.300199999999995271e+01
-3.929505628689504647e+03	4.284784999999997268e+01
-3.917206668116417404e+03	4.268269999999997566e+01
-3.904907707543330616e+03	4.256804999999999239e+01
-3.892608746970243828e+03	4.242730000000001667e+01
-3.880309786397157040e+03	4.236545000000000982e+01
-3.868010825824070253e+03	4.223544999999999305e+01
-3.855711865250983465e+03	4.214625000000000909e+01
-3.843412904677896222e+03	4.203589999999999094e+01
-3.831113944104809434e+03	4.193589999999998952e+01
-3.818814983531722646e+03	4.186129999999998574e+01
-3.806516022958635858e+03	4.172555000000001968e+01
-3.794217062385549070e+03	4.162555000000001826e+01
-3.781918101812462282e+03	4.150225000000000364e+01
-3.769619141239375040e+03	4.140750000000006992e+01
-3.757320180666288252e+03	4.133280000000004151e+01
-3.745021220093201464e+03	4.121505000000006191e+01
-3.732722259520114676e+03	4.115075000000005900e+01
-3.720423298947027888e+03	4.100875000000005599e+01
-3.708124338373941100e+03	4.091880000000001161e+01
-3.695825377800853857e+03	4.082394999999996799e+01
-3.683526417227767070e+03	4.064919999999992939e+01
-3.671227456654680282e+03	4.058119999999989602e+01
-3.658928496081593494e+03	4.036159999999991044e+01
-3.646629535508506706e+03	4.025434999999988861e+01
-3.634330574935419918e+03	4.010034999999989225e+01
-3.622031614362332675e+03	4.004609999999993164e+01
-3.609732653789245887e+03	3.994209999999993954e+01
-3.597433693216159099e+03	3.987124999999996078e+01
-3.585134732643072311e+03	3.973289999999997235e+01
-3.572835772069985524e+03	3.963254999999999484e+01
-3.560536811496898736e+03	3.948724999999994623e+01
-3.548237850923811493e+03	3.934294999999993081e+01
-3.535938890350724705e+03	3.921880000000000877e+01
-3.523639929777637917e+03	3.908639999999995496e+01
-3.511340969204551129e+03	3.893959999999997024e+01
-3.499042008631464341e+03	3.882734999999993164e+01
-3.486743048058377553e+03	3.864194999999990898e+01
-3.474444087485290311e+03	3.852849999999989450e+01
-3.462145126912203523e+03	3.834764999999997315e+01
-3.449846166339116735e+03	3.814250000000001961e+01
-3.437547205766029947e+03	3.804125000000003354e+01
-3.425248245192943159e+03	3.784360000000005897e+01
-3.412949284619856371e+03	3.777795000000005388e+01
-3.400650324046769128e+03	3.763280000000004577e+01
-3.388351363473682341e+03	3.747485000000006039e+01
-3.376052402900595553e+03	3.726145000000006036e+01
-3.363753442327508765e+03	3.706485000000002117e+01
-3.351454481754421977e+03	3.681819999999997606e+01
-3.339155521181335189e+03	3.663919999999998112e+01
-3.326856560608247946e+03	3.641924999999991996e+01
-3.314557600035161158e+03	3.626489999999994041e+01
-3.302258639462074370e+03	3.608624999999992866e+01
-3.289959678888987582e+03	3.594194999999990614e+01
-3.277660718315900795e+03	3.573479999999990753e+01
-3.265361757742814007e+03	3.556149999999988864e+01
-3.253062797169726764e+03	3.542029999999986245e+01
-3.240763836596639976e+03	3.527244999999993524e+01
-3.228464876023553188e+03	3.513834999999998843e+01
-3.216165915450466400e+03	3.498654999999998694e+01
-3.203866954877379612e+03	3.488729999999996068e+01
-3.191567994304292824e+03	3.478089999999993154e+01
-3.179269033731205582e+03	3.467079999999987194e+01
-3.166970073158118794e+03	3.456144999999987988e+01
-3.154671112585032006e+03	3.431629999999986325e+01
-3.142372152011945218e+03	3.407469999999985077e+01
-3.130073191438858430e+03	3.385834999999978834e+01
-3.117774230865771642e+03	3.368479999999981089e+01
-3.105475270292684399e+03	3.355174999999981367e+01
-3.093176309719597612e+03	3.346349999999983993e+01
-3.080877349146510824e+03	3.334914999999991636e+01
-3.068578388573424036e+03	3.325389999999988788e+01
-3.056279428000337248e+03	3.319089999999996365e+01
-3.043980467427250460e+03	3.312919999999994758e+01
-3.031681506854163217e+03	3.309754999999995562e+01
-3.019382546281076429e+03	3.306660000000001531e+01
-3.007083585707989641e+03	3.292590000000009098e+01
-2.994784625134902853e+03	3.285360000000000724e+01
-2.982485664561816066e+03	3.278269999999993445e+01
-2.970186703988728823e+03	3.274854999999988792e+01
-2.957887743415642035e+03	3.265364999999992790e+01
-2.945588782842555247e+03	3.258214999999991335e+01
-2.933289822269468459e+03	3.248414999999995700e+01
-2.920990861696381671e+03	3.239349999999994623e+01
-2.908691901123294883e+03	3.243864999999996002e+01
-2.896392940550207641e+03	3.248024999999997675e+01
-2.884093979977120853e+03	3.248450000000002547e+01
-2.871795019404034065e+03	3.247955000000001746e+01
-2.859496058830947277e+03	3.243010000000003856e+01
-2.847197098257860489e+03	3.233569999999999567e+01
-2.834898137684773701e+03	3.227034999999996501e+01
-2.822599177111686458e+03	3.216734999999998479e+01
-2.810300216538599670e+03	3.205329999999994328e+01
-2.798001255965512883e+03	3.189549999999990249e+01
-2.785702295392426095e+03	3.174239999999990758e+01
-2.773403334819339307e+03	3.155744999999988210e+01
-2.761104374246252519e+03	3.143594999999986683e+01
-2.748805413673165276e+03	3.130579999999990903e+01
-2.736506453100078488e+03	3.115899999999992431e+01
-2.724207492526991700e+03	3.099044999999996364e+01
-2.711908531953904912e+03	3.085754999999999271e+01
-2.699609571380818124e+03	3.072995000000000942e+01
-2.687310610807731337e+03	3.062995000000000800e+01
-2.675011650234644094e+03	3.051970000000001093e+01
-2.662712689661557306e+03	3.034735000000000582e+01
-2.650413729088470518e+03	3.017520000000003932e+01
-2.638114768515383730e+03	3.000015000000002985e+01
-2.625815807942296942e+03	2.972330000000001604e+01
-2.613516847369210154e+03	2.948159999999997893e+01
-2.601217886796122912e+03	2.926599999999998403e+01
-2.588918926223036124e+03	2.905569999999998032e+01
-2.576619965649949336e+03	2.879364999999997821e+01
-2.564321005076862548e+03	2.862754999999997452e+01
-2.552022044503775760e+03	2.850320000000001386e+01
-2.539723083930688972e+03	2.835354999999999492e+01
-2.527424123357601729e+03	2.817404999999998694e+01
-2.515125162784514941e+03	2.804645000000000366e+01
-2.502826202211428154e+03	2.794310000000005090e+01
-2.490527241638341366e+03	2.788070000000006843e+01
-2.478228281065254578e+03	2.782385000000003927e+01
-2.465929320492167790e+03	2.775484999999998692e+01
-2.453630359919080547e+03	2.770565000000005895e+01
-2.441331399345993759e+03	2.758895000000002184e+01
-2.429032438772906971e+03	2.749920000000001963e+01
-2.416733478199820183e+03	2.747155000000002545e+01
-2.404434517626733395e+03	2.741719999999995849e+01
-2.392135557053646608e+03	2.741629999999995704e+01
-2.379836596480559365e+03	2.747714999999998398e+01
-2.367537635907472577e+03	2.751885000000002179e+01
-2.355238675334385789e+03	2.753445000000001386e+01
-2.342939714761299001e+03	2.750680000000001968e+01
-2.330640754188212213e+03	2.751885000000002179e+01
-2.318341793615125425e+03	2.743130000000001090e+01
-2.306042833042038183e+03	2.728895000000002113e+01
-2.293743872468951395e+03	2.718860000000004362e+01
-2.281444911895864607e+03	2.711010000000005604e+01
-2.269145951322777819e+03	2.695105000000003059e+01
-2.256846990749691031e+03	2.671329999999998250e+01
-2.244548030176604243e+03	2.643184999999994034e+01
-2.232249069603517000e+03	2.612439999999996942e+01
-2.219950109030430212e+03	2.587124999999996433e+01
-2.207651148457343425e+03	2.554059999999990538e+01
-2.195352187884256637e+03	2.523584999999993528e+01
-2.183053227311169849e+03	2.492109999999993164e+01
-2.170754266738083061e+03	2.457429999999994763e+01
-2.158455306164995818e+03	2.428369999999995343e+01
-2.146156345591909030e+03	2.368894999999993090e+01
-2.133857385018822242e+03	2.300769999999993232e+01
-2.121558424445735454e+03	2.253629999999993672e+01
-2.109259463872648666e+03	2.207474999999994836e+01
-2.096960503299561879e+03	2.164159999999992579e+01
-2.084661542726474636e+03	2.116784999999990902e+01
-2.072362582153387848e+03	2.053739999999988797e+01
-2.060063621580301060e+03	2.006819999999988724e+01
-2.047764661007214272e+03	1.966734999999989597e+01
-2.035465700434127029e+03	1.935509999999985808e+01
-2.023166739861040696e+03	1.906539999999986179e+01
-2.010867779287953454e+03	1.884129999999986538e+01
-1.998568818714867120e+03	1.863754999999991924e+01
-1.986269858141779878e+03	1.847474999999985812e+01
-1.973970897568692635e+03	1.824819999999990472e+01
-1.961671936995606302e+03	1.805039999999990030e+01
-1.949372976422519059e+03	1.789694999999992575e+01
-1.937074015849432726e+03	1.781029999999991631e+01
-1.924775055276345483e+03	1.775224999999991127e+01
-1.912476094703259150e+03	1.766934999999994105e+01
-1.900177134130171908e+03	1.786979999999994106e+01
-1.887878173557084665e+03	1.820359999999991629e+01
-1.875579212983998332e+03	1.834404999999987851e+01
-1.863280252410911089e+03	1.842359999999989739e+01
-1.850981291837824756e+03	1.854469999999992069e+01
-1.838682331264737513e+03	1.871844999999994030e+01
-1.826383370691650271e+03	1.902139999999999276e+01
-1.814084410118563937e+03	1.923294999999998112e+01
-1.801785449545476695e+03	1.935614999999997821e+01
-1.789486488972390362e+03	1.942155000000002474e+01
-1.777187528399303119e+03	1.950979999999999492e+01
-1.764888567826216786e+03	1.971920000000000073e+01
-1.752589607253129543e+03	1.995625000000000071e+01
-1.740290646680042300e+03	2.025865000000003491e+01
-1.727991686106955967e+03	2.055264999999999276e+01
-1.715692725533868725e+03	2.083580000000001675e+01
-1.703393764960782391e+03	2.113254999999999129e+01
-1.691094804387695149e+03	2.129089999999996508e+01
-1.678795843814607906e+03	2.144154999999991418e+01
-1.666496883241521573e+03	2.143744999999989886e+01
-1.654197922668434330e+03	2.136279999999987922e+01
-1.641898962095347997e+03	2.129464999999991193e+01
-1.629600001522260754e+03	2.113859999999995054e+01
-1.617301040949174421e+03	2.103554999999996511e+01
-1.605002080376087179e+03	2.082274999999999565e+01
-1.592703119802999936e+03	2.075164999999997306e+01
-1.580404159229913603e+03	2.072324999999991491e+01
-1.568105198656826360e+03	2.074319999999988795e+01
-1.555806238083740027e+03	2.074584999999988355e+01
-1.543507277510652784e+03	2.075399999999990541e+01
-1.531208316937565542e+03	2.080804999999991267e+01
-1.518909356364479208e+03	2.071399999999994179e+01
-1.506610395791391966e+03	2.060429999999996653e+01
-1.494311435218305633e+03	2.045429999999996795e+01
-1.482012474645218390e+03	2.033895000000002184e+01
-1.469713514072132057e+03	2.026680000000005677e+01
-1.457414553499044814e+03	2.015065000000004147e+01
-1.445115592925957571e+03	2.011905000000006183e+01
-1.432816632352871238e+03	2.012325000000009823e+01
-1.420517671779783996e+03	2.027735000000011567e+01
-1.408218711206697662e+03	2.050200000000013389e+01
-1.395919750633610420e+03	2.071270000000013312e+01
-1.383620790060523177e+03	2.096700000000009823e+01
-1.371321829487436844e+03	2.125040000000008078e+01
-1.359022868914349601e+03	2.161395000000002398e+01
-1.346723908341263268e+03	2.186395000000002398e+01
-1.334424947768176025e+03	2.212350000000005679e+01
-1.322125987195088783e+03	2.232590000000009312e+01
-1.309827026622002450e+03	2.260090000000009169e+01
-1.297528066048915207e+03	2.282625000000007276e+01
-1.285229105475828874e+03	2.303075000000007932e+01
-1.272930144902741631e+03	2.323060000000004877e+01
-1.260631184329655298e+03	2.342844999999997668e+01
-1.248332223756568055e+03	2.361469999999999203e+01
-1.236033263183480813e+03	2.381094999999995565e+01
-1.223734302610394479e+03	2.397904999999991560e+01
-1.211435342037307237e+03	2.412324999999991704e+01
-1.199136381464220904e+03	2.424709999999995347e+01
-1.186837420891133661e+03	2.431629999999995562e+01
-1.174538460318046418e+03	2.435724999999992946e+01
-1.162239499744960085e+03	2.439184999999988435e+01
-1.149940539171872842e+03	2.446324999999988137e+01
-1.137641578598786509e+03	2.456354999999994249e+01
-1.125342618025699267e+03	2.452194999999992575e+01
-1.113043657452612933e+03	2.454919999999992797e+01
-1.100744696879525691e+03	2.451784999999990688e+01
-1.088445736306438448e+03	2.460564999999987634e+01
-1.076146775733352115e+03	2.452399999999988722e+01
-1.063847815160264872e+03	2.456309999999984939e+01
-1.051548854587178539e+03	2.467824999999984215e+01
-1.039249894014091296e+03	2.472824999999984286e+01
-1.026950933441004054e+03	2.479729999999981516e+01
-1.014651972867917721e+03	2.487064999999984138e+01
-1.002353012294830478e+03	2.494159999999983413e+01
-9.900540517217441447e+02	2.499244999999982753e+01
-9.777550911486569021e+02	2.506809999999986616e+01
-9.654561305755705689e+02	2.514309999999986900e+01
-9.531571700024833262e+02	2.519389999999985008e+01
-9.408582094293960836e+02	2.525524999999988651e+01
-9.285592488563097504e+02	2.534344999999994030e+01
-9.162602882832225077e+02	2.545884999999998399e+01
-9.039613277101361746e+02	2.553744999999998910e+01
-8.916623671370489319e+02	2.561899999999996069e+01
-8.793634065639616892e+02	2.583744999999998981e+01
-8.670644459908753561e+02	2.596260000000001966e+01
-8.547654854177881134e+02	2.611105000000006982e+01
-8.424665248447017802e+02	2.612235000000009677e+01
-8.301675642716145376e+02	2.627640000000010190e+01
-8.178686036985282044e+02	2.628730000000014044e+01
-8.055696431254409617e+02	2.624025000000010621e+01
-7.932706825523537191e+02	2.620995000000011643e+01
-7.809717219792673859e+02	2.617305000000014914e+01
-7.686727614061801432e+02	2.611740000000018114e+01
-7.563738008330938101e+02	2.601200000000017099e+01
-7.440748402600065674e+02	2.590705000000016156e+01
-7.317758796869193247e+02	2.580980000000008800e+01
-7.194769191138329916e+02	2.578430000000007638e+01
-7.071779585407457489e+02	2.578055000000004071e+01
-6.948789979676594157e+02	2.572920000000003782e+01
-6.825800373945721731e+02	2.567309999999997672e+01
-6.702810768214858399e+02	2.560670000000000002e+01
-6.579821162483985972e+02	2.542079999999996431e+01
-6.456831556753113546e+02	2.543574999999991704e+01
-6.333841951022250214e+02	2.548944999999985228e+01
-6.210852345291377787e+02	2.559454999999989155e+01
-6.087862739560514456e+02	2.567609999999985959e+01
-5.964873133829642029e+02	2.579504999999990034e+01
-5.841883528098769602e+02	2.590234999999984211e+01
-5.718893922367906271e+02	2.602579999999979776e+01
-5.595904316637033844e+02	2.622284999999983413e+01
-5.472914710906170512e+02	2.655474999999978536e+01
-5.349925105175298086e+02	2.678319999999975920e+01
-5.226935499444434754e+02	2.703604999999970460e+01
-5.103945893713562327e+02	2.729654999999966236e+01
-4.980956287982689901e+02	2.760514999999968566e+01
-4.857966682251826569e+02	2.793804999999974825e+01
-4.734977076520954142e+02	2.825549999999975626e+01
-4.611987470790090811e+02	2.862199999999984357e+01
-4.488997865059218384e+02	2.906104999999988792e+01
-4.366008259328345957e+02	2.957034999999996217e+01
-4.243018653597482626e+02	3.006999999999998252e+01
-4.120029047866610199e+02	3.076215000000001965e+01
-3.997039442135746867e+02	3.136665000000002834e+01
-3.874049836404874441e+02	3.188550000000013895e+01
-3.751060230674011109e+02	3.242365000000008735e+01
-3.628070624943138682e+02	3.309840000000004068e+01
-3.505081019212266256e+02	3.369629999999997239e+01
-3.382091413481402924e+02	3.424564999999993375e+01
-3.259101807750530497e+02	3.485195000000003063e+01
-3.136112202019667166e+02	3.542145000000000721e+01
-3.013122596288794739e+02	3.590614999999998247e+01
-2.890132990557922312e+02	3.648610000000007858e+01
-2.767143384827058981e+02	3.704520000000011493e+01
-2.644153779096186554e+02	3.768095000000012362e+01
-2.521164173365323222e+02	3.825925000000006548e+01
-2.398174567634450796e+02	3.880670000000009168e+01
-2.275184961903587464e+02	3.935740000000005523e+01
-2.152195356172715037e+02	3.988220000000001164e+01
-2.029205750441842611e+02	4.041664999999993313e+01
-1.906216144710979279e+02	4.092864999999983411e+01
-1.783226538980106852e+02	4.143184999999975560e+01
-1.660236933249243521e+02	4.186769999999978609e+01
-1.537247327518371094e+02	4.223214999999981956e+01
-1.414257721787498667e+02	4.257199999999975404e+01
-1.291268116056635336e+02	4.292434999999968426e+01
-1.168278510325762909e+02	4.316744999999973231e+01
-1.045288904594899577e+02	4.341594999999979620e+01
-9.222992988640271506e+01	4.381454999999986910e+01
-7.993096931331638189e+01	4.407429999999985881e+01
-6.763200874022913922e+01	4.436359999999986314e+01
-5.533304816714189656e+01	4.467659999999996501e+01
-4.303408759405556339e+01	4.495029999999987780e+01
-3.073512702096832072e+01	4.527649999999994179e+01
-1.843616644788198755e+01	4.555830000000005242e+01
-6.137205874794744886e+00	4.587935000000015862e+01
6.161754698292497778e+00	4.621005000000004515e+01
1.846071527137883095e+01	4.654250000000011056e+01
3.075967584446607361e+01	4.685495000000010180e+01
4.305863641755240678e+01	4.716720000000005086e+01
5.535759699063964945e+01	4.744765000000006694e+01
6.765655756372598262e+01	4.776120000000010180e+01
7.995551813681322528e+01	4.806910000000006988e+01
9.225447870990046795e+01	4.837325000000000585e+01
1.045534392829868011e+02	4.873254999999990389e+01
1.168523998560740438e+02	4.901149999999997675e+01
1.291513604291603770e+02	4.931610000000000582e+01
1.414503210022476196e+02	4.965164999999997519e+01
1.537492815753348623e+02	4.991924999999991996e+01
1.660482421484211955e+02	5.027974999999987915e+01
1.783472027215084381e+02	5.057714999999988947e+01
1.906461632945947713e+02	5.084414999999989959e+01
2.029451238676820140e+02	5.117904999999991844e+01
2.152440844407692566e+02	5.145284999999985587e+01
2.275430450138555898e+02	5.173659999999981807e+01
2.398420055869428325e+02	5.202799999999970026e+01
2.521409661600291656e+02	5.229259999999976571e+01
2.644399267331164083e+02	5.254259999999976571e+01
2.767388873062027415e+02	5.279259999999976571e+01
2.890378478792899841e+02	5.307559999999975986e+01
3.013368084523772268e+02	5.332364999999972355e+01
3.136357690254635600e+02	5.356459999999970023e+01
3.259347295985508026e+02	5.381459999999970023e+01
3.382336901716371358e+02	5.402739999999975851e+01
3.505326507447243785e+02	5.423049999999985005e+01
3.628316113178116211e+02	5.445294999999987340e+01
3.751305718908979543e+02	5.466234999999979038e+01
3.874295324639851970e+02	5.490399999999972636e+01
3.997284930370715301e+02	5.513639999999977448e+01
4.120274536101587728e+02	5.534734999999982108e+01
4.243264141832451060e+02	5.555509999999976856e+01
4.366253747563323486e+02	5.577914999999975265e+01
4.489243353294195913e+02	5.595304999999971329e+01
4.612232959025059245e+02	5.615044999999972930e+01
4.735222564755931671e+02	5.632439999999969871e+01
4.858212170486795003e+02	5.648019999999978324e+01
4.981201776217667430e+02	5.663019999999978893e+01
5.104191381948539856e+02	5.677904999999973512e+01
5.227180987679403188e+02	5.692884999999969153e+01
5.350170593410275615e+02	5.707069999999966825e+01
5.473160199141138946e+02	5.726919999999972788e+01
5.596149804872011373e+02	5.743109999999978754e+01
5.719139410602874705e+02	5.757284999999974673e+01
5.842129016333747131e+02	5.775849999999972795e+01
5.965118622064619558e+02	5.795914999999968131e+01
6.088108227795482890e+02	5.815929999999971045e+01
6.211097833526355316e+02	5.828579999999983841e+01
6.334087439257218648e+02	5.841829999999990974e+01
6.457077044988091075e+02	5.857564999999995337e+01
6.580066650718963501e+02	5.870339999999996650e+01
6.703056256449826833e+02	5.887020000000011066e+01
6.826045862180699260e+02	5.904325000000007861e+01
6.949035467911562591e+02	5.923860000000004078e+01
7.072025073642435018e+02	5.945090000000000430e+01
7.195014679373298350e+02	5.962049999999999272e+01
7.318004285104170776e+02	5.974234999999989526e+01
7.440993890835043203e+02	5.993409999999985160e+01
7.563983496565906535e+02	6.018484999999982676e+01
7.686973102296778961e+02	6.041454999999987052e+01
7.809962708027642293e+02	6.062709999999988497e+01
7.932952313758514720e+02	6.089804999999996937e+01
8.055941919489387146e+02	6.113764999999985150e+01
8.178931525220250478e+02	6.135349999999980497e+01
8.301921130951122905e+02	6.161534999999985018e+01
8.424910736681986236e+02	6.183134999999983705e+01
8.547900342412858663e+02	6.209609999999975116e+01
8.670889948143721995e+02	6.237529999999969732e+01
8.793879553874594421e+02	6.263094999999975698e+01
8.916869159605466848e+02	6.283004999999975837e+01
9.039858765336330180e+02	6.308679999999967691e+01
9.162848371067202606e+02	6.332494999999962459e+01
9.285837976798065938e+02	6.366189999999969729e+01
9.408827582528938365e+02	6.411339999999981387e+01
9.531817188259810791e+02	6.436319999999977881e+01
9.654806793990674123e+02	6.459549999999981651e+01
9.777796399721546550e+02	6.477309999999980050e+01
9.900786005452409881e+02	6.488604999999988365e+01
1.002377561118328231e+03	6.495365000000001032e+01
1.014676521691414564e+03	6.504835000000002765e+01
1.026975482264501807e+03	6.513120000000017740e+01
1.039274442837589049e+03	6.512915000000012355e+01
1.051573403410675382e+03	6.518420000000023151e+01
1.063872363983762625e+03	6.527860000000036678e+01
1.076171324556848958e+03	6.529090000000033456e+01
1.088470285129936201e+03	6.533505000000040752e+01
1.100769245703023444e+03	6.533915000000051521e+01
1.113068206276109777e+03	6.539780000000045845e+01
1.125367166849197019e+03	6.544780000000045561e+01
1.137666127422283353e+03	6.552640000000046427e+01
1.149965087995370595e+03	6.557335000000057335e+01
1.162264048568456928e+03	6.560590000000047439e+01
1.174563009141544171e+03	6.548525000000044827e+01
1.186861969714631414e+03	6.523690000000041778e+01
1.199160930287717747e+03	6.515200000000041314e+01
1.211459890860804990e+03	6.513595000000040613e+01
1.223758851433891323e+03	6.520390000000043074e+01
1.236057812006978565e+03	6.527135000000035348e+01
1.248356772580065808e+03	6.533400000000037267e+01
1.260655733153152141e+03	6.538850000000039131e+01
1.272954693726239384e+03	6.544635000000035063e+01
1.285253654299325717e+03	6.550560000000041327e+01
1.297552614872412960e+03	6.556365000000042187e+01
1.309851575445499293e+03	6.561820000000042796e+01
1.322150536018586536e+03	6.567305000000051507e+01
1.334449496591673778e+03	6.573085000000045852e+01
1.346748457164760111e+03	6.578945000000040011e+01
1.359047417737847354e+03	6.584390000000038867e+01
1.371346378310933687e+03	6.590155000000031293e+01
1.383645338884020930e+03	6.595390000000024600e+01
1.395944299457108173e+03	6.600340000000014129e+01
1.408243260030194506e+03	6.605190000000020234e+01
1.420542220603281748e+03	6.612200000000011357e+01
1.432841181176368082e+03	6.620445000000017899e+01
1.445140141749455324e+03	6.628715000000029534e+01
1.457439102322541657e+03	6.637525000000023567e+01
1.469738062895628900e+03	6.647505000000037967e+01
1.482037023468716143e+03	6.657170000000041910e+01
1.494335984041802476e+03	6.666590000000033456e+01
1.506634944614889719e+03	6.676345000000037544e+01
1.518933905187976052e+03	6.685055000000029679e+01
1.531232865761063294e+03	6.693590000000021689e+01
1.543531826334150537e+03	6.702545000000009168e+01
1.555830786907236870e+03	6.711550000000006833e+01
1.568129747480324113e+03	6.720455000000001178e+01
1.580428708053410446e+03	6.729449999999997090e+01
1.592727668626497689e+03	6.738179999999992731e+01
1.605026629199584022e+03	6.747574999999997658e+01
1.617325589772671265e+03	6.757094999999989682e+01
1.629624550345758507e+03	6.767419999999984270e+01
1.641923510918844840e+03	6.778079999999991401e+01
1.654222471491932083e+03	6.789229999999989218e+01
1.666521432065018416e+03	6.800779999999994629e+01
1.678820392638105659e+03	6.812299999999977729e+01
1.691119353211192902e+03	6.824449999999978900e+01
1.703418313784279235e+03	6.836929999999975394e+01
1.715717274357366477e+03	6.849674999999970737e+01
1.728016234930452811e+03	6.862754999999961569e+01
1.740315195503540053e+03	6.876269999999968263e+01
1.752614156076627296e+03	6.889894999999960135e+01
1.764913116649713629e+03	6.903734999999960564e+01
1.777212077222800872e+03	6.917824999999956503e+01
1.789511037795887205e+03	6.931739999999972213e+01
1.801809998368974448e+03	6.946044999999976710e+01
1.814108958942060781e+03	6.960719999999965069e+01
1.826407919515148023e+03	6.975179999999963343e+01
1.838706880088235266e+03	6.989604999999974666e+01
1.851005840661321599e+03	7.003569999999982088e+01
1.863304801234408842e+03	7.016949999999997090e+01
1.875603761807495175e+03	7.029675000000005980e+01
1.887902722380582418e+03	7.041924999999991996e+01
1.900201682953669660e+03	7.053694999999989079e+01
1.912500643526755994e+03	7.065194999999985725e+01
1.924799604099843236e+03	7.076859999999996376e+01
1.937098564672929569e+03	7.088349999999991269e+01
1.949397525246016812e+03	7.099964999999993154e+01
1.961696485819103145e+03	7.112959999999984007e+01
1.973995446392190388e+03	7.127574999999997374e+01
1.986294406965277631e+03	7.144679999999989661e+01
1.998593367538363964e+03	7.163664999999983252e+01
2.010892328111451206e+03	7.185474999999988199e+01
2.023191288684537540e+03	7.208024999999997817e+01
2.035490249257624782e+03	7.236029999999990991e+01
2.047789209830711116e+03	7.271924999999991712e+01
2.060088170403798358e+03	7.324225000000005537e+01
2.072387130976885601e+03	7.403295000000017012e+01
2.084686091549972843e+03	7.527780000000002758e+01
2.096985052123058267e+03	7.665480000000006555e+01
2.109284012696145510e+03	7.818875000000006992e+01
2.121582973269232753e+03	7.973240000000005523e+01
2.133881933842319995e+03	8.130995000000021378e+01
2.146180894415407238e+03	8.288015000000032728e+01
2.158479854988492662e+03	8.446985000000040600e+01
2.170778815561579904e+03	8.607545000000045832e+01
2.183077776134667147e+03	8.768630000000048597e+01
2.195376736707754389e+03	8.927840000000051646e+01
2.207675697280841632e+03	9.086655000000045845e+01
2.219974657853927056e+03	9.242235000000036393e+01
2.232273618427014299e+03	9.392760000000035348e+01
2.244572579000101541e+03	9.540105000000039581e+01
2.256871539573188784e+03	9.677500000000036096e+01
2.269170500146276026e+03	9.805900000000038119e+01
2.281469460719361450e+03	9.915770000000028972e+01
2.293768421292448693e+03	1.001452500000003027e+02
2.306067381865535936e+03	1.008614000000003159e+02
2.318366342438623178e+03	1.011540000000002664e+02
2.330665303011708602e+03	1.004638500000002779e+02
2.342964263584795845e+03	9.946525000000019645e+01
2.355263224157883087e+03	9.825355000000017469e+01
2.367562184730970330e+03	9.706330000000016867e+01
2.379861145304057573e+03	9.589385000000001469e+01
2.392160105877142996e+03	9.467870000000002051e+01
2.404459066450230239e+03	9.336509999999998399e+01
2.416758027023317482e+03	9.197284999999992294e+01
2.429056987596404724e+03	9.055624999999982094e+01
2.441355948169491967e+03	8.914879999999975269e+01
2.453654908742577391e+03	8.773194999999978450e+01
2.465953869315664633e+03	8.633059999999986189e+01
2.478252829888751876e+03	8.495324999999994020e+01
2.490551790461839119e+03	8.359009999999997831e+01
2.502850751034926361e+03	8.229799999999995919e+01
2.515149711608011785e+03	8.108254999999989820e+01
2.527448672181099028e+03	7.999089999999996792e+01
2.539747632754186270e+03	7.893004999999993743e+01
2.552046593327273513e+03	7.797399999999979059e+01
2.564345553900360756e+03	7.720684999999976128e+01
2.576644514473446179e+03	7.708754999999982260e+01
2.588943475046533422e+03	7.722784999999984734e+01
2.601242435619620665e+03	7.761049999999977445e+01
2.613541396192707907e+03	7.808514999999988504e+01
2.625840356765793331e+03	7.869849999999988199e+01
2.638139317338880574e+03	7.947289999999993881e+01
2.650438277911967816e+03	8.049699999999992883e+01
2.662737238485055059e+03	8.166104999999988934e+01
2.675036199058142302e+03	8.287504999999983113e+01
2.687335159631227725e+03	8.412354999999988081e+01
2.699634120204314968e+03	8.556939999999994484e+01
2.711933080777402211e+03	8.709140000000006410e+01
2.724232041350489453e+03	8.877330000000002030e+01
2.736531001923576696e+03	9.053755000000001019e+01
2.748829962496662120e+03	9.248444999999992433e+01
2.761128923069749362e+03	9.448559999999997672e+01
2.773427883642836605e+03	9.653069999999988227e+01
2.785726844215923848e+03	9.869224999999987347e+01
2.798025804789011090e+03	1.008545500000000175e+02
2.810324765362096514e+03	1.030043499999999739e+02
2.822623725935183757e+03	1.050603500000001134e+02
2.834922686508270999e+03	1.071401000000001602e+02
2.847221647081358242e+03	1.090576000000002779e+02
2.859520607654445485e+03	1.109654500000002315e+02
2.871819568227530908e+03	1.127667000000004975e+02
2.884118528800618151e+03	1.145797500000004163e+02
2.896417489373705394e+03	1.162450000000004309e+02
2.908716449946792636e+03	1.178663500000006081e+02
2.921015410519878060e+03	1.194692000000006402e+02
2.933314371092965303e+03	1.210696500000005500e+02
2.945613331666052545e+03	1.224809000000004744e+02
2.957912292239139788e+03	1.238592500000002445e+02
2.970211252812227031e+03	1.250797000000002299e+02
2.982510213385312454e+03	1.262415500000002737e+02
2.994809173958399697e+03	1.272237000000004628e+02
3.007108134531486940e+03	1.281853000000002680e+02
3.019407095104574182e+03	1.291140000000003170e+02
3.031706055677661425e+03	1.299351000000002330e+02
3.044005016250746849e+03	1.307601000000002500e+02
3.056303976823834091e+03	1.315966000000003930e+02
3.068602937396921334e+03	1.324082500000004075e+02
3.080901897970008577e+03	1.331462000000003059e+02
3.093200858543095819e+03	1.338822500000001980e+02
3.105499819116181243e+03	1.345211000000003025e+02
3.117798779689268486e+03	1.350729000000002884e+02
3.130097740262355728e+03	1.355384500000003811e+02
3.142396700835442971e+03	1.359699500000002388e+02
3.154695661408530214e+03	1.363634500000000003e+02
3.166994621981615637e+03	1.367473000000001662e+02
3.179293582554702880e+03	1.371083000000002414e+02
3.191592543127790123e+03	1.374526500000003466e+02
3.203891503700877365e+03	1.377593000000004508e+02
3.216190464273962789e+03	1.380684000000004801e+02
3.228489424847050032e+03	1.383511500000004162e+02
3.240788385420137274e+03	1.386221000000005006e+02
3.253087345993224517e+03	1.388613500000006695e+02
3.265386306566311760e+03	1.390895500000005995e+02
3.277685267139397183e+03	1.392952500000006637e+02
3.289984227712484426e+03	1.394860500000006027e+02
3.302283188285571669e+03	1.396412000000003957e+02
3.314582148858658911e+03	1.397891500000001486e+02
3.326881109431746154e+03	1.398936000000001627e+02
3.339180070004831578e+03	1.399731000000003291e+02
3.351479030577918820e+03	1.400311500000003377e+02
3.363777991151006063e+03	1.400815000000002328e+02
3.376076951724093306e+03	1.400866500000000201e+02
3.388375912297180548e+03	1.400927500000001658e+02
3.400674872870265972e+03	1.400874500000001603e+02
3.412973833443353215e+03	1.400699500000002331e+02
3.425272794016440457e+03	1.400277500000003670e+02
3.437571754589527700e+03	1.399841500000002270e+02
3.449870715162614943e+03	1.399308000000000902e+02
3.462169675735700366e+03	1.398628500000002646e+02
3.474468636308787609e+03	1.397866000000001918e+02
3.486767596881874852e+03	1.397127000000000407e+02
3.499066557454962094e+03	1.396387999999998897e+02
3.511365518028049337e+03	1.395525499999999681e+02
3.523664478601134761e+03	1.394734000000000265e+02
3.535963439174222003e+03	1.394030500000000643e+02
3.548262399747309246e+03	1.393207000000002154e+02
3.560561360320396489e+03	1.392304500000001894e+02
3.572860320893481912e+03	1.391495500000000902e+02
3.585159281466569155e+03	1.390764499999997383e+02
3.597458242039656398e+03	1.389927499999994325e+02
3.609757202612743640e+03	1.389159499999994409e+02
3.622056163185830883e+03	1.388612499999995578e+02
3.634355123758916307e+03	1.388064499999996713e+02
3.646654084332003549e+03	1.387531999999999357e+02
3.658953044905090792e+03	1.386960499999997296e+02
3.671252005478178035e+03	1.386519999999996742e+02
3.683550966051265277e+03	1.386072499999998513e+02
3.695849926624350701e+03	1.385602999999999270e+02
3.708148887197437944e+03	1.385108999999996797e+02
3.720447847770525186e+03	1.384542999999997903e+02
3.732746808343612429e+03	1.383922499999997058e+02
3.745045768916699672e+03	1.383330499999996448e+02
3.757344729489785095e+03	1.382872999999995898e+02
3.769643690062872338e+03	1.382555999999993332e+02
3.781942650635959581e+03	1.382183999999993773e+02
3.794241611209046823e+03	1.382000999999992814e+02
3.806540571782134066e+03	1.381930999999993332e+02
3.818839532355219490e+03	1.381906999999995662e+02
3.831138492928306732e+03	1.381806499999998721e+02
3.843437453501393975e+03	1.382047500000000468e+02
3.855736414074481218e+03	1.382401000000001545e+02
3.868035374647566641e+03	1.382751000000000090e+02
3.880334335220653884e+03	1.383165999999997382e+02
3.892633295793741127e+03	1.383882499999996014e+02
3.904932256366828369e+03	1.384700999999997180e+02
3.917231216939915612e+03	1.385593499999995402e+02
3.929530177513001036e+03	1.386619999999995230e+02
3.941829138086088278e+03	1.387798499999997262e+02
3.954128098659175521e+03	1.389041999999997756e+02
3.966427059232262764e+03	1.390507499999995957e+02
3.978726019805350006e+03	1.392093499999995458e+02
3.991024980378435430e+03	1.393685999999997875e+02
4.003323940951522673e+03	1.395286499999998284e+02
4.015622901524609915e+03	1.397102999999999042e+02
4.027921862097697158e+03	1.399022499999999241e+02
4.040220822670784401e+03	1.401017999999999972e+02
4.052519783243869824e+03	1.403081500000000119e+02
4.064818743816957067e+03	1.405351999999998895e+02
4.077117704390044310e+03	1.407646499999999037e+02
4.089416664963131552e+03	1.410140999999999565e+02
4.101715625536218795e+03	1.412606999999996447e+02
4.114014586109304219e+03	1.415467499999998893e+02
4.126313546682391461e+03	1.418556000000000381e+02
4.138612507255478704e+03	1.421942999999999415e+02
4.150911467828565947e+03	1.425818999999999619e+02
4.163210428401651370e+03	1.430435499999999536e+02
4.175509388974738613e+03	1.435093499999998983e+02
4.187808349547825856e+03	1.440510999999998489e+02
4.200107310120913098e+03	1.446333999999998809e+02
4.212406270694000341e+03	1.452385500000000320e+02
4.224705231267085765e+03	1.458396500000002618e+02
4.237004191840173007e+03	1.465007000000001369e+02
4.249303152413260250e+03	1.471728500000000963e+02
4.261602112986347493e+03	1.478241500000000030e+02
4.273901073559434735e+03	1.484740499999999770e+02
4.286200034132520159e+03	1.491349999999998488e+02
4.298498994705607402e+03	1.497879000000000929e+02
4.310797955278694644e+03	1.504253000000000497e+02
4.323096915851781887e+03	1.510681499999998891e+02
4.335395876424869130e+03	1.516697999999996682e+02
4.347694836997954553e+03	1.522595999999997787e+02
4.359993797571041796e+03	1.528103499999997439e+02
4.372292758144129039e+03	1.533360499999995170e+02
4.384591718717216281e+03	1.538156499999997209e+02
4.396890679290303524e+03	1.542460499999997410e+02
4.409189639863388948e+03	1.546104999999999450e+02
4.421488600436476190e+03	1.549609499999998548e+02
4.433787561009563433e+03	1.552301499999997816e+02
4.446086521582650676e+03	1.554599499999996510e+02
4.458385482155736099e+03	1.556591499999994994e+02
4.470684442728823342e+03	1.558573499999994851e+02
4.482983403301910585e+03	1.559981999999996276e+02
4.495282363874997827e+03	1.561272999999997353e+02
4.507581324448085070e+03	1.562523999999997670e+02
4.519880285021170494e+03	1.563661499999998341e+02
4.532179245594257736e+03	1.564644499999998573e+02
4.544478206167344979e+03	1.565614999999997963e+02
4.556777166740432222e+03	1.566525999999998078e+02
4.569076127313519464e+03	1.567359999999997058e+02
4.581375087886604888e+03	1.568248999999999853e+02
4.593674048459692131e+03	1.569190999999999008e+02
4.605973009032779373e+03	1.570087999999996100e+02
4.618271969605866616e+03	1.570983499999998401e+02
4.630570930178953859e+03	1.571898499999995806e+02
4.642869890752039282e+03	1.572805999999993105e+02
4.655168851325126525e+03	1.573627499999991528e+02
4.667467811898213768e+03	1.574452999999994063e+02
4.679766772471301010e+03	1.575249499999994498e+02
4.692065733044388253e+03	1.576015499999994063e+02
4.704364693617473677e+03	1.576840499999994734e+02
4.716663654190560919e+03	1.577652999999994847e+02
4.728962614763648162e+03	1.578399499999992202e+02
4.741261575336735405e+03	1.579115999999990834e+02
4.753560535909820828e+03	1.579758499999992694e+02
4.765859496482908071e+03	1.580403999999991242e+02
4.778158457055995314e+03	1.580974499999992986e+02
4.790457417629082556e+03	1.581563999999991097e+02
4.802756378202169799e+03	1.582103499999990106e+02
4.815055338775255223e+03	1.582617999999991412e+02
4.827354299348342465e+03	1.583129999999990218e+02
4.839653259921429708e+03	1.583629499999991879e+02
4.851952220494516951e+03	1.584061999999994441e+02
4.864251181067604193e+03	1.584481499999994298e+02
4.876550141640689617e+03	1.584854499999997586e+02
4.888849102213776860e+03	1.585194499999997788e+02
4.901148062786864102e+03	1.585515999999999508e+02
4.913447023359951345e+03	1.585846999999997990e+02
4.925745983933038588e+03	1.586157499999997640e+02
4.938044944506124011e+03	1.586482499999998197e+02
4.950343905079211254e+03	1.586779999999998836e+02
4.962642865652298497e+03	1.587086999999999648e+02
4.974941826225385739e+03	1.587405999999999153e+02
4.987240786798472982e+03	1.587735499999998865e+02
4.999539747371558406e+03	1.588088999999999942e+02
5.011838707944645648e+03	1.588474500000000376e+02
5.024137668517732891e+03	1.588864000000001511e+02
5.036436629090820134e+03	1.589204500000003577e+02
5.048735589663907376e+03	1.589549500000004514e+02
5.061034550236992800e+03	1.589901500000003693e+02
5.073333510810080043e+03	1.590239000000005092e+02
5.085632471383167285e+03	1.590538000000004217e+02
5.097931431956254528e+03	1.590808000000004654e+02
5.110230392529339952e+03	1.591091000000004101e+02
5.122529353102427194e+03	1.591377500000002385e+02
5.134828313675514437e+03	1.591683500000002880e+02
5.147127274248601680e+03	1.592006000000001222e+02
5.159426234821688922e+03	1.592303500000001861e+02
5.171725195394774346e+03	1.592586500000001308e+02
5.184024155967861589e+03	1.592853500000001077e+02
5.196323116540948831e+03	1.593057000000000585e+02
5.208622077114036074e+03	1.593264500000001078e+02
5.220921037687123317e+03	1.593445000000003233e+02
5.233219998260208740e+03	1.593640000000006580e+02
5.245518958833295983e+03	1.593833500000004335e+02
5.257817919406383226e+03	1.594034500000005323e+02
5.270116879979470468e+03	1.594234500000002299e+02
5.282415840552557711e+03	1.594464500000001976e+02
5.294714801125643135e+03	1.594692000000002849e+02
5.307013761698730377e+03	1.594913000000004217e+02
5.319312722271817620e+03	1.595117000000001894e+02
5.331611682844904863e+03	1.595327000000001192e+02
5.343910643417992105e+03	1.595547999999998865e+02
5.356209603991077529e+03	1.595755499999999358e+02
5.368508564564164772e+03	1.595917499999999620e+02
5.380807525137252014e+03	1.596037000000000319e+02
5.393106485710339257e+03	1.596140999999999508e+02
5.405405446283424681e+03	1.596270000000000380e+02
5.417704406856511923e+03	1.596398500000003082e+02
5.430003367429599166e+03	1.596537000000007538e+02
5.442302328002686409e+03	1.596692000000006431e+02
5.454601288575773651e+03	1.596850000000002296e+02
5.466900249148859075e+03	1.596983000000003869e+02
5.479199209721946318e+03	1.597098000000001718e+02
5.491498170295033560e+03	1.597183000000004540e+02
5.503797130868120803e+03	1.597246500000004801e+02
5.516096091441208046e+03	1.597373500000008733e+02
5.528395052014293469e+03	1.597501000000007423e+02
5.540694012587380712e+03	1.597652500000003783e+02
5.552992973160467955e+03	1.597796500000000322e+02
5.565291933733555197e+03	1.597934000000001049e+02
5.577590894306642440e+03	1.598083000000002301e+02
5.589889854879727864e+03	1.598256500000003086e+02
5.602188815452815106e+03	1.598419499999999971e+02
5.614487776025902349e+03	1.598592500000002588e+02
5.626786736598989592e+03	1.598771500000002561e+02
5.639085697172076834e+03	1.598928500000001804e+02
5.651384657745162258e+03	1.599088999999999885e+02
5.663683618318249501e+03	1.599256000000001166e+02
5.675982578891336743e+03	1.599438999999998430e+02
5.688281539464423986e+03	1.599627500000002271e+02
5.700580500037509410e+03	1.599818000000006464e+02
5.712879460610596652e+03	1.600118500000004076e+02
5.725178421183683895e+03	1.600430500000002212e+02
5.737477381756771138e+03	1.600749000000003548e+02
5.749776342329858380e+03	1.601091000000000406e+02
5.762075302902943804e+03	1.601384500000000060e+02
5.774374263476031047e+03	1.601664499999998839e+02
5.786673224049118289e+03	1.601895000000004075e+02
5.798972184622205532e+03	1.602103000000010127e+02
5.811271145195292775e+03	1.602358500000009371e+02
5.823570105768378198e+03	1.602635500000011177e+02
5.835869066341465441e+03	1.602918500000014319e+02
5.848168026914552684e+03	1.603209000000016999e+02
5.860466987487639926e+03	1.603585500000015713e+02
5.872765948060727169e+03	1.603956500000014671e+02
5.885064908633812593e+03	1.604398000000015543e+02
5.897363869206899835e+03	1.604794500000018047e+02
5.909662829779987078e+03	1.605244500000015364e+02
5.921961790353074321e+03	1.605711500000012109e+02
5.934260750926161563e+03	1.606229500000008557e+02
5.946559711499246987e+03	1.606791500000006749e+02
5.958858672072334230e+03	1.607304500000005589e+02
5.971157632645421472e+03	1.607781500000004655e+02
5.983456593218508715e+03	1.608248500000001400e+02
5.995755553791594139e+03	1.608655500000000700e+02
6.008054514364681381e+03	1.609101499999997031e+02
6.020353474937768624e+03	1.609557499999995400e+02
6.032652435510855867e+03	1.610059999999990339e+02
6.044951396083943109e+03	1.610596499999984985e+02
